version https://git-lfs.github.com/spec/v1
oid sha256:bce39872d86f555f54e742e71fa3411ea1448ecadd035b7932c935b4407470ba
size 7004927
